{
 "cells": [
  {
   "cell_type": "markdown",
   "metadata": {},
   "source": [
    "### DB 연결"
   ]
  },
  {
   "cell_type": "code",
   "execution_count": 1,
   "metadata": {},
   "outputs": [],
   "source": [
    "import psycopg2\n",
    "\n",
    "conn = psycopg2.connect(\n",
    "  'host=localhost port=5432 dbname=postgres user=postgres password=postgres',\n",
    "  options='-c search_path=sbd'\n",
    ")\n",
    "conn.set_session(autocommit=True)\n",
    "cur = conn.cursor()"
   ]
  },
  {
   "cell_type": "markdown",
   "metadata": {},
   "source": [
    "### 건축물대장 표제부"
   ]
  },
  {
   "cell_type": "code",
   "execution_count": 103,
   "metadata": {},
   "outputs": [],
   "source": [
    "import pandas as pd\n",
    "\n",
    "cur.execute(\n",
    "  f'''\n",
    "  select\n",
    "    pnu,\n",
    "    building_pk,\n",
    "    address,\n",
    "    use_name,\n",
    "    use_detail,\n",
    "    floor_count,\n",
    "    under_floor_count,\n",
    "    approval_date,\n",
    "    extract('year' from now()) - left(approval_date,4)::int building_age\n",
    "  from building_dong\n",
    "  '''\n",
    ")\n",
    "bld_dong = pd.DataFrame(\n",
    "  cur.fetchall(),\n",
    "  columns=[col[0] for col in cur.description]\n",
    ")"
   ]
  },
  {
   "cell_type": "markdown",
   "metadata": {},
   "source": [
    "### 주택 분석"
   ]
  },
  {
   "cell_type": "code",
   "execution_count": 104,
   "metadata": {},
   "outputs": [
    {
     "data": {
      "text/plain": [
       "595336"
      ]
     },
     "execution_count": 104,
     "metadata": {},
     "output_type": "execute_result"
    }
   ],
   "source": [
    "len(bld_dong)"
   ]
  },
  {
   "cell_type": "markdown",
   "metadata": {},
   "source": [
    "- 총 건축물 595,336개"
   ]
  },
  {
   "cell_type": "code",
   "execution_count": 105,
   "metadata": {},
   "outputs": [
    {
     "data": {
      "text/plain": [
       "True     436981\n",
       "False    158355\n",
       "Name: use_name, dtype: int64"
      ]
     },
     "execution_count": 105,
     "metadata": {},
     "output_type": "execute_result"
    }
   ],
   "source": [
    "((bld_dong['use_name'] == '단독주택') | (bld_dong['use_name'] == '공동주택')).value_counts()"
   ]
  },
  {
   "cell_type": "code",
   "execution_count": 106,
   "metadata": {},
   "outputs": [
    {
     "data": {
      "text/plain": [
       "73.40073504709946"
      ]
     },
     "execution_count": 106,
     "metadata": {},
     "output_type": "execute_result"
    }
   ],
   "source": [
    "436_981/595_336*100"
   ]
  },
  {
   "cell_type": "markdown",
   "metadata": {},
   "source": [
    "- 주택(단독주택, 공동주택)은 총 436,981개로 전체의 73.4%"
   ]
  },
  {
   "cell_type": "code",
   "execution_count": 107,
   "metadata": {},
   "outputs": [
    {
     "name": "stdout",
     "output_type": "stream",
     "text": [
      "True     272935\n",
      "False    164046\n",
      "Name: under_floor_count, dtype: int64\n",
      "True     0.624592\n",
      "False    0.375408\n",
      "Name: under_floor_count, dtype: float64\n"
     ]
    }
   ],
   "source": [
    "house_dong = bld_dong[((bld_dong['use_name'] == '단독주택') | (bld_dong['use_name'] == '공동주택'))]\n",
    "print((house_dong.under_floor_count > 0).value_counts())\n",
    "print((house_dong.under_floor_count > 0).value_counts()/len(house_dong))"
   ]
  },
  {
   "cell_type": "markdown",
   "metadata": {},
   "source": [
    "- 주택 중 지하층이 있는 경우는 272,935개로 62.5%에 달하는 높은 비율\n",
    "- 단, 실제 지하층이 주거용도로 사용되는 경우인지, 주차장이나 기계실 등으로 사용되는 경우인지 층별용도를 확인할 필요가 있음"
   ]
  },
  {
   "cell_type": "markdown",
   "metadata": {},
   "source": [
    "### 지역(자치구) 단위 통계"
   ]
  },
  {
   "cell_type": "code",
   "execution_count": 108,
   "metadata": {},
   "outputs": [
    {
     "name": "stderr",
     "output_type": "stream",
     "text": [
      "C:\\Users\\Bob\\AppData\\Local\\Temp/ipykernel_32372/3386430015.py:1: SettingWithCopyWarning: \n",
      "A value is trying to be set on a copy of a slice from a DataFrame.\n",
      "Try using .loc[row_indexer,col_indexer] = value instead\n",
      "\n",
      "See the caveats in the documentation: https://pandas.pydata.org/pandas-docs/stable/user_guide/indexing.html#returning-a-view-versus-a-copy\n",
      "  house_dong['sigungu_code'] = [\n",
      "C:\\Users\\Bob\\AppData\\Local\\Temp/ipykernel_32372/3386430015.py:6: SettingWithCopyWarning: \n",
      "A value is trying to be set on a copy of a slice from a DataFrame.\n",
      "Try using .loc[row_indexer,col_indexer] = value instead\n",
      "\n",
      "See the caveats in the documentation: https://pandas.pydata.org/pandas-docs/stable/user_guide/indexing.html#returning-a-view-versus-a-copy\n",
      "  house_dong['sigungu_name'] = [\n"
     ]
    }
   ],
   "source": [
    "house_dong['sigungu_code'] = [\n",
    "  pnu[0:5]\n",
    "  for pnu\n",
    "  in house_dong.pnu\n",
    "]\n",
    "house_dong['sigungu_name'] = [\n",
    "  address.split(' ')[1]\n",
    "  for address\n",
    "  in house_dong.address\n",
    "]"
   ]
  },
  {
   "cell_type": "code",
   "execution_count": 109,
   "metadata": {},
   "outputs": [],
   "source": [
    "sigungu_house = pd.DataFrame(\n",
    "  [\n",
    "    (\n",
    "      id1,\n",
    "      id2,\n",
    "      len(tbl),\n",
    "      len(tbl[tbl.under_floor_count > 0]),\n",
    "      round(len(tbl[tbl.under_floor_count > 0]) / len(tbl) * 100, 1)\n",
    "    )\n",
    "    for (id1, id2), tbl\n",
    "    in house_dong[['sigungu_code', 'sigungu_name', 'under_floor_count']].groupby(['sigungu_code', 'sigungu_name']).__iter__()\n",
    "  ],\n",
    "  columns=['sigungu_code', 'sigungu_name', 'bld_count', 'under_floor_bld_count', 'under_floor_bld_ratio']\n",
    ")"
   ]
  },
  {
   "cell_type": "code",
   "execution_count": 110,
   "metadata": {},
   "outputs": [
    {
     "data": {
      "text/html": [
       "<div>\n",
       "<style scoped>\n",
       "    .dataframe tbody tr th:only-of-type {\n",
       "        vertical-align: middle;\n",
       "    }\n",
       "\n",
       "    .dataframe tbody tr th {\n",
       "        vertical-align: top;\n",
       "    }\n",
       "\n",
       "    .dataframe thead th {\n",
       "        text-align: right;\n",
       "    }\n",
       "</style>\n",
       "<table border=\"1\" class=\"dataframe\">\n",
       "  <thead>\n",
       "    <tr style=\"text-align: right;\">\n",
       "      <th></th>\n",
       "      <th>sigungu_code</th>\n",
       "      <th>sigungu_name</th>\n",
       "      <th>bld_count</th>\n",
       "      <th>under_floor_bld_count</th>\n",
       "      <th>under_floor_bld_ratio</th>\n",
       "    </tr>\n",
       "  </thead>\n",
       "  <tbody>\n",
       "    <tr>\n",
       "      <th>7</th>\n",
       "      <td>11290</td>\n",
       "      <td>성북구</td>\n",
       "      <td>27391</td>\n",
       "      <td>15388</td>\n",
       "      <td>56.2</td>\n",
       "    </tr>\n",
       "    <tr>\n",
       "      <th>11</th>\n",
       "      <td>11380</td>\n",
       "      <td>은평구</td>\n",
       "      <td>25757</td>\n",
       "      <td>15810</td>\n",
       "      <td>61.4</td>\n",
       "    </tr>\n",
       "    <tr>\n",
       "      <th>20</th>\n",
       "      <td>11620</td>\n",
       "      <td>관악구</td>\n",
       "      <td>24863</td>\n",
       "      <td>20072</td>\n",
       "      <td>80.7</td>\n",
       "    </tr>\n",
       "    <tr>\n",
       "      <th>6</th>\n",
       "      <td>11260</td>\n",
       "      <td>중랑구</td>\n",
       "      <td>22209</td>\n",
       "      <td>15777</td>\n",
       "      <td>71.0</td>\n",
       "    </tr>\n",
       "    <tr>\n",
       "      <th>8</th>\n",
       "      <td>11305</td>\n",
       "      <td>강북구</td>\n",
       "      <td>21990</td>\n",
       "      <td>14984</td>\n",
       "      <td>68.1</td>\n",
       "    </tr>\n",
       "    <tr>\n",
       "      <th>19</th>\n",
       "      <td>11590</td>\n",
       "      <td>동작구</td>\n",
       "      <td>21580</td>\n",
       "      <td>13886</td>\n",
       "      <td>64.3</td>\n",
       "    </tr>\n",
       "    <tr>\n",
       "      <th>4</th>\n",
       "      <td>11215</td>\n",
       "      <td>광진구</td>\n",
       "      <td>19796</td>\n",
       "      <td>13307</td>\n",
       "      <td>67.2</td>\n",
       "    </tr>\n",
       "    <tr>\n",
       "      <th>15</th>\n",
       "      <td>11500</td>\n",
       "      <td>강서구</td>\n",
       "      <td>19591</td>\n",
       "      <td>12074</td>\n",
       "      <td>61.6</td>\n",
       "    </tr>\n",
       "    <tr>\n",
       "      <th>5</th>\n",
       "      <td>11230</td>\n",
       "      <td>동대문구</td>\n",
       "      <td>19558</td>\n",
       "      <td>10663</td>\n",
       "      <td>54.5</td>\n",
       "    </tr>\n",
       "    <tr>\n",
       "      <th>18</th>\n",
       "      <td>11560</td>\n",
       "      <td>영등포구</td>\n",
       "      <td>18799</td>\n",
       "      <td>10380</td>\n",
       "      <td>55.2</td>\n",
       "    </tr>\n",
       "    <tr>\n",
       "      <th>2</th>\n",
       "      <td>11170</td>\n",
       "      <td>용산구</td>\n",
       "      <td>18382</td>\n",
       "      <td>9787</td>\n",
       "      <td>53.2</td>\n",
       "    </tr>\n",
       "    <tr>\n",
       "      <th>23</th>\n",
       "      <td>11710</td>\n",
       "      <td>송파구</td>\n",
       "      <td>17871</td>\n",
       "      <td>9517</td>\n",
       "      <td>53.3</td>\n",
       "    </tr>\n",
       "    <tr>\n",
       "      <th>12</th>\n",
       "      <td>11410</td>\n",
       "      <td>서대문구</td>\n",
       "      <td>17761</td>\n",
       "      <td>11317</td>\n",
       "      <td>63.7</td>\n",
       "    </tr>\n",
       "    <tr>\n",
       "      <th>16</th>\n",
       "      <td>11530</td>\n",
       "      <td>구로구</td>\n",
       "      <td>17664</td>\n",
       "      <td>10596</td>\n",
       "      <td>60.0</td>\n",
       "    </tr>\n",
       "    <tr>\n",
       "      <th>13</th>\n",
       "      <td>11440</td>\n",
       "      <td>마포구</td>\n",
       "      <td>17253</td>\n",
       "      <td>9967</td>\n",
       "      <td>57.8</td>\n",
       "    </tr>\n",
       "    <tr>\n",
       "      <th>0</th>\n",
       "      <td>11110</td>\n",
       "      <td>종로구</td>\n",
       "      <td>16476</td>\n",
       "      <td>7687</td>\n",
       "      <td>46.7</td>\n",
       "    </tr>\n",
       "    <tr>\n",
       "      <th>24</th>\n",
       "      <td>11740</td>\n",
       "      <td>강동구</td>\n",
       "      <td>15812</td>\n",
       "      <td>9910</td>\n",
       "      <td>62.7</td>\n",
       "    </tr>\n",
       "    <tr>\n",
       "      <th>14</th>\n",
       "      <td>11470</td>\n",
       "      <td>양천구</td>\n",
       "      <td>14242</td>\n",
       "      <td>10022</td>\n",
       "      <td>70.4</td>\n",
       "    </tr>\n",
       "    <tr>\n",
       "      <th>3</th>\n",
       "      <td>11200</td>\n",
       "      <td>성동구</td>\n",
       "      <td>13058</td>\n",
       "      <td>8021</td>\n",
       "      <td>61.4</td>\n",
       "    </tr>\n",
       "    <tr>\n",
       "      <th>22</th>\n",
       "      <td>11680</td>\n",
       "      <td>강남구</td>\n",
       "      <td>12513</td>\n",
       "      <td>9134</td>\n",
       "      <td>73.0</td>\n",
       "    </tr>\n",
       "    <tr>\n",
       "      <th>9</th>\n",
       "      <td>11320</td>\n",
       "      <td>도봉구</td>\n",
       "      <td>12249</td>\n",
       "      <td>8640</td>\n",
       "      <td>70.5</td>\n",
       "    </tr>\n",
       "    <tr>\n",
       "      <th>17</th>\n",
       "      <td>11545</td>\n",
       "      <td>금천구</td>\n",
       "      <td>11525</td>\n",
       "      <td>8627</td>\n",
       "      <td>74.9</td>\n",
       "    </tr>\n",
       "    <tr>\n",
       "      <th>21</th>\n",
       "      <td>11650</td>\n",
       "      <td>서초구</td>\n",
       "      <td>11289</td>\n",
       "      <td>7648</td>\n",
       "      <td>67.7</td>\n",
       "    </tr>\n",
       "    <tr>\n",
       "      <th>1</th>\n",
       "      <td>11140</td>\n",
       "      <td>중구</td>\n",
       "      <td>9716</td>\n",
       "      <td>3559</td>\n",
       "      <td>36.6</td>\n",
       "    </tr>\n",
       "    <tr>\n",
       "      <th>10</th>\n",
       "      <td>11350</td>\n",
       "      <td>노원구</td>\n",
       "      <td>9636</td>\n",
       "      <td>6162</td>\n",
       "      <td>63.9</td>\n",
       "    </tr>\n",
       "  </tbody>\n",
       "</table>\n",
       "</div>"
      ],
      "text/plain": [
       "   sigungu_code sigungu_name  bld_count  under_floor_bld_count  \\\n",
       "7         11290          성북구      27391                  15388   \n",
       "11        11380          은평구      25757                  15810   \n",
       "20        11620          관악구      24863                  20072   \n",
       "6         11260          중랑구      22209                  15777   \n",
       "8         11305          강북구      21990                  14984   \n",
       "19        11590          동작구      21580                  13886   \n",
       "4         11215          광진구      19796                  13307   \n",
       "15        11500          강서구      19591                  12074   \n",
       "5         11230         동대문구      19558                  10663   \n",
       "18        11560         영등포구      18799                  10380   \n",
       "2         11170          용산구      18382                   9787   \n",
       "23        11710          송파구      17871                   9517   \n",
       "12        11410         서대문구      17761                  11317   \n",
       "16        11530          구로구      17664                  10596   \n",
       "13        11440          마포구      17253                   9967   \n",
       "0         11110          종로구      16476                   7687   \n",
       "24        11740          강동구      15812                   9910   \n",
       "14        11470          양천구      14242                  10022   \n",
       "3         11200          성동구      13058                   8021   \n",
       "22        11680          강남구      12513                   9134   \n",
       "9         11320          도봉구      12249                   8640   \n",
       "17        11545          금천구      11525                   8627   \n",
       "21        11650          서초구      11289                   7648   \n",
       "1         11140           중구       9716                   3559   \n",
       "10        11350          노원구       9636                   6162   \n",
       "\n",
       "    under_floor_bld_ratio  \n",
       "7                    56.2  \n",
       "11                   61.4  \n",
       "20                   80.7  \n",
       "6                    71.0  \n",
       "8                    68.1  \n",
       "19                   64.3  \n",
       "4                    67.2  \n",
       "15                   61.6  \n",
       "5                    54.5  \n",
       "18                   55.2  \n",
       "2                    53.2  \n",
       "23                   53.3  \n",
       "12                   63.7  \n",
       "16                   60.0  \n",
       "13                   57.8  \n",
       "0                    46.7  \n",
       "24                   62.7  \n",
       "14                   70.4  \n",
       "3                    61.4  \n",
       "22                   73.0  \n",
       "9                    70.5  \n",
       "17                   74.9  \n",
       "21                   67.7  \n",
       "1                    36.6  \n",
       "10                   63.9  "
      ]
     },
     "execution_count": 110,
     "metadata": {},
     "output_type": "execute_result"
    }
   ],
   "source": [
    "sigungu_house.sort_values('bld_count', ascending=False)"
   ]
  },
  {
   "cell_type": "markdown",
   "metadata": {},
   "source": [
    "- 주택 개수 : 성북구 > 은평구 > 관악구 > 중랑구 > 강북구 > 동작구 > ..."
   ]
  },
  {
   "cell_type": "code",
   "execution_count": 111,
   "metadata": {},
   "outputs": [
    {
     "data": {
      "text/plain": [
       "17479.24"
      ]
     },
     "execution_count": 111,
     "metadata": {},
     "output_type": "execute_result"
    }
   ],
   "source": [
    "sigungu_house.bld_count.mean()"
   ]
  },
  {
   "cell_type": "markdown",
   "metadata": {},
   "source": [
    "- 지역별 개수 평균 : 17,479개"
   ]
  },
  {
   "cell_type": "code",
   "execution_count": 112,
   "metadata": {},
   "outputs": [
    {
     "data": {
      "text/html": [
       "<div>\n",
       "<style scoped>\n",
       "    .dataframe tbody tr th:only-of-type {\n",
       "        vertical-align: middle;\n",
       "    }\n",
       "\n",
       "    .dataframe tbody tr th {\n",
       "        vertical-align: top;\n",
       "    }\n",
       "\n",
       "    .dataframe thead th {\n",
       "        text-align: right;\n",
       "    }\n",
       "</style>\n",
       "<table border=\"1\" class=\"dataframe\">\n",
       "  <thead>\n",
       "    <tr style=\"text-align: right;\">\n",
       "      <th></th>\n",
       "      <th>sigungu_code</th>\n",
       "      <th>sigungu_name</th>\n",
       "      <th>bld_count</th>\n",
       "      <th>under_floor_bld_count</th>\n",
       "      <th>under_floor_bld_ratio</th>\n",
       "    </tr>\n",
       "  </thead>\n",
       "  <tbody>\n",
       "    <tr>\n",
       "      <th>20</th>\n",
       "      <td>11620</td>\n",
       "      <td>관악구</td>\n",
       "      <td>24863</td>\n",
       "      <td>20072</td>\n",
       "      <td>80.7</td>\n",
       "    </tr>\n",
       "    <tr>\n",
       "      <th>11</th>\n",
       "      <td>11380</td>\n",
       "      <td>은평구</td>\n",
       "      <td>25757</td>\n",
       "      <td>15810</td>\n",
       "      <td>61.4</td>\n",
       "    </tr>\n",
       "    <tr>\n",
       "      <th>6</th>\n",
       "      <td>11260</td>\n",
       "      <td>중랑구</td>\n",
       "      <td>22209</td>\n",
       "      <td>15777</td>\n",
       "      <td>71.0</td>\n",
       "    </tr>\n",
       "    <tr>\n",
       "      <th>7</th>\n",
       "      <td>11290</td>\n",
       "      <td>성북구</td>\n",
       "      <td>27391</td>\n",
       "      <td>15388</td>\n",
       "      <td>56.2</td>\n",
       "    </tr>\n",
       "    <tr>\n",
       "      <th>8</th>\n",
       "      <td>11305</td>\n",
       "      <td>강북구</td>\n",
       "      <td>21990</td>\n",
       "      <td>14984</td>\n",
       "      <td>68.1</td>\n",
       "    </tr>\n",
       "    <tr>\n",
       "      <th>19</th>\n",
       "      <td>11590</td>\n",
       "      <td>동작구</td>\n",
       "      <td>21580</td>\n",
       "      <td>13886</td>\n",
       "      <td>64.3</td>\n",
       "    </tr>\n",
       "    <tr>\n",
       "      <th>4</th>\n",
       "      <td>11215</td>\n",
       "      <td>광진구</td>\n",
       "      <td>19796</td>\n",
       "      <td>13307</td>\n",
       "      <td>67.2</td>\n",
       "    </tr>\n",
       "    <tr>\n",
       "      <th>15</th>\n",
       "      <td>11500</td>\n",
       "      <td>강서구</td>\n",
       "      <td>19591</td>\n",
       "      <td>12074</td>\n",
       "      <td>61.6</td>\n",
       "    </tr>\n",
       "    <tr>\n",
       "      <th>12</th>\n",
       "      <td>11410</td>\n",
       "      <td>서대문구</td>\n",
       "      <td>17761</td>\n",
       "      <td>11317</td>\n",
       "      <td>63.7</td>\n",
       "    </tr>\n",
       "    <tr>\n",
       "      <th>5</th>\n",
       "      <td>11230</td>\n",
       "      <td>동대문구</td>\n",
       "      <td>19558</td>\n",
       "      <td>10663</td>\n",
       "      <td>54.5</td>\n",
       "    </tr>\n",
       "    <tr>\n",
       "      <th>16</th>\n",
       "      <td>11530</td>\n",
       "      <td>구로구</td>\n",
       "      <td>17664</td>\n",
       "      <td>10596</td>\n",
       "      <td>60.0</td>\n",
       "    </tr>\n",
       "    <tr>\n",
       "      <th>18</th>\n",
       "      <td>11560</td>\n",
       "      <td>영등포구</td>\n",
       "      <td>18799</td>\n",
       "      <td>10380</td>\n",
       "      <td>55.2</td>\n",
       "    </tr>\n",
       "    <tr>\n",
       "      <th>14</th>\n",
       "      <td>11470</td>\n",
       "      <td>양천구</td>\n",
       "      <td>14242</td>\n",
       "      <td>10022</td>\n",
       "      <td>70.4</td>\n",
       "    </tr>\n",
       "    <tr>\n",
       "      <th>13</th>\n",
       "      <td>11440</td>\n",
       "      <td>마포구</td>\n",
       "      <td>17253</td>\n",
       "      <td>9967</td>\n",
       "      <td>57.8</td>\n",
       "    </tr>\n",
       "    <tr>\n",
       "      <th>24</th>\n",
       "      <td>11740</td>\n",
       "      <td>강동구</td>\n",
       "      <td>15812</td>\n",
       "      <td>9910</td>\n",
       "      <td>62.7</td>\n",
       "    </tr>\n",
       "    <tr>\n",
       "      <th>2</th>\n",
       "      <td>11170</td>\n",
       "      <td>용산구</td>\n",
       "      <td>18382</td>\n",
       "      <td>9787</td>\n",
       "      <td>53.2</td>\n",
       "    </tr>\n",
       "    <tr>\n",
       "      <th>23</th>\n",
       "      <td>11710</td>\n",
       "      <td>송파구</td>\n",
       "      <td>17871</td>\n",
       "      <td>9517</td>\n",
       "      <td>53.3</td>\n",
       "    </tr>\n",
       "    <tr>\n",
       "      <th>22</th>\n",
       "      <td>11680</td>\n",
       "      <td>강남구</td>\n",
       "      <td>12513</td>\n",
       "      <td>9134</td>\n",
       "      <td>73.0</td>\n",
       "    </tr>\n",
       "    <tr>\n",
       "      <th>9</th>\n",
       "      <td>11320</td>\n",
       "      <td>도봉구</td>\n",
       "      <td>12249</td>\n",
       "      <td>8640</td>\n",
       "      <td>70.5</td>\n",
       "    </tr>\n",
       "    <tr>\n",
       "      <th>17</th>\n",
       "      <td>11545</td>\n",
       "      <td>금천구</td>\n",
       "      <td>11525</td>\n",
       "      <td>8627</td>\n",
       "      <td>74.9</td>\n",
       "    </tr>\n",
       "    <tr>\n",
       "      <th>3</th>\n",
       "      <td>11200</td>\n",
       "      <td>성동구</td>\n",
       "      <td>13058</td>\n",
       "      <td>8021</td>\n",
       "      <td>61.4</td>\n",
       "    </tr>\n",
       "    <tr>\n",
       "      <th>0</th>\n",
       "      <td>11110</td>\n",
       "      <td>종로구</td>\n",
       "      <td>16476</td>\n",
       "      <td>7687</td>\n",
       "      <td>46.7</td>\n",
       "    </tr>\n",
       "    <tr>\n",
       "      <th>21</th>\n",
       "      <td>11650</td>\n",
       "      <td>서초구</td>\n",
       "      <td>11289</td>\n",
       "      <td>7648</td>\n",
       "      <td>67.7</td>\n",
       "    </tr>\n",
       "    <tr>\n",
       "      <th>10</th>\n",
       "      <td>11350</td>\n",
       "      <td>노원구</td>\n",
       "      <td>9636</td>\n",
       "      <td>6162</td>\n",
       "      <td>63.9</td>\n",
       "    </tr>\n",
       "    <tr>\n",
       "      <th>1</th>\n",
       "      <td>11140</td>\n",
       "      <td>중구</td>\n",
       "      <td>9716</td>\n",
       "      <td>3559</td>\n",
       "      <td>36.6</td>\n",
       "    </tr>\n",
       "  </tbody>\n",
       "</table>\n",
       "</div>"
      ],
      "text/plain": [
       "   sigungu_code sigungu_name  bld_count  under_floor_bld_count  \\\n",
       "20        11620          관악구      24863                  20072   \n",
       "11        11380          은평구      25757                  15810   \n",
       "6         11260          중랑구      22209                  15777   \n",
       "7         11290          성북구      27391                  15388   \n",
       "8         11305          강북구      21990                  14984   \n",
       "19        11590          동작구      21580                  13886   \n",
       "4         11215          광진구      19796                  13307   \n",
       "15        11500          강서구      19591                  12074   \n",
       "12        11410         서대문구      17761                  11317   \n",
       "5         11230         동대문구      19558                  10663   \n",
       "16        11530          구로구      17664                  10596   \n",
       "18        11560         영등포구      18799                  10380   \n",
       "14        11470          양천구      14242                  10022   \n",
       "13        11440          마포구      17253                   9967   \n",
       "24        11740          강동구      15812                   9910   \n",
       "2         11170          용산구      18382                   9787   \n",
       "23        11710          송파구      17871                   9517   \n",
       "22        11680          강남구      12513                   9134   \n",
       "9         11320          도봉구      12249                   8640   \n",
       "17        11545          금천구      11525                   8627   \n",
       "3         11200          성동구      13058                   8021   \n",
       "0         11110          종로구      16476                   7687   \n",
       "21        11650          서초구      11289                   7648   \n",
       "10        11350          노원구       9636                   6162   \n",
       "1         11140           중구       9716                   3559   \n",
       "\n",
       "    under_floor_bld_ratio  \n",
       "20                   80.7  \n",
       "11                   61.4  \n",
       "6                    71.0  \n",
       "7                    56.2  \n",
       "8                    68.1  \n",
       "19                   64.3  \n",
       "4                    67.2  \n",
       "15                   61.6  \n",
       "12                   63.7  \n",
       "5                    54.5  \n",
       "16                   60.0  \n",
       "18                   55.2  \n",
       "14                   70.4  \n",
       "13                   57.8  \n",
       "24                   62.7  \n",
       "2                    53.2  \n",
       "23                   53.3  \n",
       "22                   73.0  \n",
       "9                    70.5  \n",
       "17                   74.9  \n",
       "3                    61.4  \n",
       "0                    46.7  \n",
       "21                   67.7  \n",
       "10                   63.9  \n",
       "1                    36.6  "
      ]
     },
     "execution_count": 112,
     "metadata": {},
     "output_type": "execute_result"
    }
   ],
   "source": [
    "sigungu_house.sort_values('under_floor_bld_count', ascending=False)"
   ]
  },
  {
   "cell_type": "markdown",
   "metadata": {},
   "source": [
    "- 지하층 있는 주택 개수 : 관악구 > 은평구 > 중랑구 > 성북구 > 강북구 > ..."
   ]
  },
  {
   "cell_type": "code",
   "execution_count": 113,
   "metadata": {},
   "outputs": [
    {
     "data": {
      "text/plain": [
       "10917.4"
      ]
     },
     "execution_count": 113,
     "metadata": {},
     "output_type": "execute_result"
    }
   ],
   "source": [
    "sigungu_house.under_floor_bld_count.mean()"
   ]
  },
  {
   "cell_type": "markdown",
   "metadata": {},
   "source": [
    "- 지역별 개수 평균 : 10,917개"
   ]
  },
  {
   "cell_type": "code",
   "execution_count": 114,
   "metadata": {},
   "outputs": [
    {
     "data": {
      "text/html": [
       "<div>\n",
       "<style scoped>\n",
       "    .dataframe tbody tr th:only-of-type {\n",
       "        vertical-align: middle;\n",
       "    }\n",
       "\n",
       "    .dataframe tbody tr th {\n",
       "        vertical-align: top;\n",
       "    }\n",
       "\n",
       "    .dataframe thead th {\n",
       "        text-align: right;\n",
       "    }\n",
       "</style>\n",
       "<table border=\"1\" class=\"dataframe\">\n",
       "  <thead>\n",
       "    <tr style=\"text-align: right;\">\n",
       "      <th></th>\n",
       "      <th>sigungu_code</th>\n",
       "      <th>sigungu_name</th>\n",
       "      <th>bld_count</th>\n",
       "      <th>under_floor_bld_count</th>\n",
       "      <th>under_floor_bld_ratio</th>\n",
       "    </tr>\n",
       "  </thead>\n",
       "  <tbody>\n",
       "    <tr>\n",
       "      <th>20</th>\n",
       "      <td>11620</td>\n",
       "      <td>관악구</td>\n",
       "      <td>24863</td>\n",
       "      <td>20072</td>\n",
       "      <td>80.7</td>\n",
       "    </tr>\n",
       "    <tr>\n",
       "      <th>17</th>\n",
       "      <td>11545</td>\n",
       "      <td>금천구</td>\n",
       "      <td>11525</td>\n",
       "      <td>8627</td>\n",
       "      <td>74.9</td>\n",
       "    </tr>\n",
       "    <tr>\n",
       "      <th>22</th>\n",
       "      <td>11680</td>\n",
       "      <td>강남구</td>\n",
       "      <td>12513</td>\n",
       "      <td>9134</td>\n",
       "      <td>73.0</td>\n",
       "    </tr>\n",
       "    <tr>\n",
       "      <th>6</th>\n",
       "      <td>11260</td>\n",
       "      <td>중랑구</td>\n",
       "      <td>22209</td>\n",
       "      <td>15777</td>\n",
       "      <td>71.0</td>\n",
       "    </tr>\n",
       "    <tr>\n",
       "      <th>9</th>\n",
       "      <td>11320</td>\n",
       "      <td>도봉구</td>\n",
       "      <td>12249</td>\n",
       "      <td>8640</td>\n",
       "      <td>70.5</td>\n",
       "    </tr>\n",
       "    <tr>\n",
       "      <th>14</th>\n",
       "      <td>11470</td>\n",
       "      <td>양천구</td>\n",
       "      <td>14242</td>\n",
       "      <td>10022</td>\n",
       "      <td>70.4</td>\n",
       "    </tr>\n",
       "    <tr>\n",
       "      <th>8</th>\n",
       "      <td>11305</td>\n",
       "      <td>강북구</td>\n",
       "      <td>21990</td>\n",
       "      <td>14984</td>\n",
       "      <td>68.1</td>\n",
       "    </tr>\n",
       "    <tr>\n",
       "      <th>21</th>\n",
       "      <td>11650</td>\n",
       "      <td>서초구</td>\n",
       "      <td>11289</td>\n",
       "      <td>7648</td>\n",
       "      <td>67.7</td>\n",
       "    </tr>\n",
       "    <tr>\n",
       "      <th>4</th>\n",
       "      <td>11215</td>\n",
       "      <td>광진구</td>\n",
       "      <td>19796</td>\n",
       "      <td>13307</td>\n",
       "      <td>67.2</td>\n",
       "    </tr>\n",
       "    <tr>\n",
       "      <th>19</th>\n",
       "      <td>11590</td>\n",
       "      <td>동작구</td>\n",
       "      <td>21580</td>\n",
       "      <td>13886</td>\n",
       "      <td>64.3</td>\n",
       "    </tr>\n",
       "    <tr>\n",
       "      <th>10</th>\n",
       "      <td>11350</td>\n",
       "      <td>노원구</td>\n",
       "      <td>9636</td>\n",
       "      <td>6162</td>\n",
       "      <td>63.9</td>\n",
       "    </tr>\n",
       "    <tr>\n",
       "      <th>12</th>\n",
       "      <td>11410</td>\n",
       "      <td>서대문구</td>\n",
       "      <td>17761</td>\n",
       "      <td>11317</td>\n",
       "      <td>63.7</td>\n",
       "    </tr>\n",
       "    <tr>\n",
       "      <th>24</th>\n",
       "      <td>11740</td>\n",
       "      <td>강동구</td>\n",
       "      <td>15812</td>\n",
       "      <td>9910</td>\n",
       "      <td>62.7</td>\n",
       "    </tr>\n",
       "    <tr>\n",
       "      <th>15</th>\n",
       "      <td>11500</td>\n",
       "      <td>강서구</td>\n",
       "      <td>19591</td>\n",
       "      <td>12074</td>\n",
       "      <td>61.6</td>\n",
       "    </tr>\n",
       "    <tr>\n",
       "      <th>11</th>\n",
       "      <td>11380</td>\n",
       "      <td>은평구</td>\n",
       "      <td>25757</td>\n",
       "      <td>15810</td>\n",
       "      <td>61.4</td>\n",
       "    </tr>\n",
       "    <tr>\n",
       "      <th>3</th>\n",
       "      <td>11200</td>\n",
       "      <td>성동구</td>\n",
       "      <td>13058</td>\n",
       "      <td>8021</td>\n",
       "      <td>61.4</td>\n",
       "    </tr>\n",
       "    <tr>\n",
       "      <th>16</th>\n",
       "      <td>11530</td>\n",
       "      <td>구로구</td>\n",
       "      <td>17664</td>\n",
       "      <td>10596</td>\n",
       "      <td>60.0</td>\n",
       "    </tr>\n",
       "    <tr>\n",
       "      <th>13</th>\n",
       "      <td>11440</td>\n",
       "      <td>마포구</td>\n",
       "      <td>17253</td>\n",
       "      <td>9967</td>\n",
       "      <td>57.8</td>\n",
       "    </tr>\n",
       "    <tr>\n",
       "      <th>7</th>\n",
       "      <td>11290</td>\n",
       "      <td>성북구</td>\n",
       "      <td>27391</td>\n",
       "      <td>15388</td>\n",
       "      <td>56.2</td>\n",
       "    </tr>\n",
       "    <tr>\n",
       "      <th>18</th>\n",
       "      <td>11560</td>\n",
       "      <td>영등포구</td>\n",
       "      <td>18799</td>\n",
       "      <td>10380</td>\n",
       "      <td>55.2</td>\n",
       "    </tr>\n",
       "    <tr>\n",
       "      <th>5</th>\n",
       "      <td>11230</td>\n",
       "      <td>동대문구</td>\n",
       "      <td>19558</td>\n",
       "      <td>10663</td>\n",
       "      <td>54.5</td>\n",
       "    </tr>\n",
       "    <tr>\n",
       "      <th>23</th>\n",
       "      <td>11710</td>\n",
       "      <td>송파구</td>\n",
       "      <td>17871</td>\n",
       "      <td>9517</td>\n",
       "      <td>53.3</td>\n",
       "    </tr>\n",
       "    <tr>\n",
       "      <th>2</th>\n",
       "      <td>11170</td>\n",
       "      <td>용산구</td>\n",
       "      <td>18382</td>\n",
       "      <td>9787</td>\n",
       "      <td>53.2</td>\n",
       "    </tr>\n",
       "    <tr>\n",
       "      <th>0</th>\n",
       "      <td>11110</td>\n",
       "      <td>종로구</td>\n",
       "      <td>16476</td>\n",
       "      <td>7687</td>\n",
       "      <td>46.7</td>\n",
       "    </tr>\n",
       "    <tr>\n",
       "      <th>1</th>\n",
       "      <td>11140</td>\n",
       "      <td>중구</td>\n",
       "      <td>9716</td>\n",
       "      <td>3559</td>\n",
       "      <td>36.6</td>\n",
       "    </tr>\n",
       "  </tbody>\n",
       "</table>\n",
       "</div>"
      ],
      "text/plain": [
       "   sigungu_code sigungu_name  bld_count  under_floor_bld_count  \\\n",
       "20        11620          관악구      24863                  20072   \n",
       "17        11545          금천구      11525                   8627   \n",
       "22        11680          강남구      12513                   9134   \n",
       "6         11260          중랑구      22209                  15777   \n",
       "9         11320          도봉구      12249                   8640   \n",
       "14        11470          양천구      14242                  10022   \n",
       "8         11305          강북구      21990                  14984   \n",
       "21        11650          서초구      11289                   7648   \n",
       "4         11215          광진구      19796                  13307   \n",
       "19        11590          동작구      21580                  13886   \n",
       "10        11350          노원구       9636                   6162   \n",
       "12        11410         서대문구      17761                  11317   \n",
       "24        11740          강동구      15812                   9910   \n",
       "15        11500          강서구      19591                  12074   \n",
       "11        11380          은평구      25757                  15810   \n",
       "3         11200          성동구      13058                   8021   \n",
       "16        11530          구로구      17664                  10596   \n",
       "13        11440          마포구      17253                   9967   \n",
       "7         11290          성북구      27391                  15388   \n",
       "18        11560         영등포구      18799                  10380   \n",
       "5         11230         동대문구      19558                  10663   \n",
       "23        11710          송파구      17871                   9517   \n",
       "2         11170          용산구      18382                   9787   \n",
       "0         11110          종로구      16476                   7687   \n",
       "1         11140           중구       9716                   3559   \n",
       "\n",
       "    under_floor_bld_ratio  \n",
       "20                   80.7  \n",
       "17                   74.9  \n",
       "22                   73.0  \n",
       "6                    71.0  \n",
       "9                    70.5  \n",
       "14                   70.4  \n",
       "8                    68.1  \n",
       "21                   67.7  \n",
       "4                    67.2  \n",
       "19                   64.3  \n",
       "10                   63.9  \n",
       "12                   63.7  \n",
       "24                   62.7  \n",
       "15                   61.6  \n",
       "11                   61.4  \n",
       "3                    61.4  \n",
       "16                   60.0  \n",
       "13                   57.8  \n",
       "7                    56.2  \n",
       "18                   55.2  \n",
       "5                    54.5  \n",
       "23                   53.3  \n",
       "2                    53.2  \n",
       "0                    46.7  \n",
       "1                    36.6  "
      ]
     },
     "execution_count": 114,
     "metadata": {},
     "output_type": "execute_result"
    }
   ],
   "source": [
    "sigungu_house.sort_values('under_floor_bld_ratio', ascending=False)"
   ]
  },
  {
   "cell_type": "markdown",
   "metadata": {},
   "source": [
    "- 지하층 있는 주택 비율 : 관악구 > 금천구 > 강남구 > 중랑구 > 도봉구 > 양천구 > ..."
   ]
  },
  {
   "cell_type": "code",
   "execution_count": 115,
   "metadata": {},
   "outputs": [
    {
     "data": {
      "text/plain": [
       "62.24000000000001"
      ]
     },
     "execution_count": 115,
     "metadata": {},
     "output_type": "execute_result"
    }
   ],
   "source": [
    "sigungu_house.under_floor_bld_ratio.mean()"
   ]
  },
  {
   "cell_type": "markdown",
   "metadata": {},
   "source": [
    "- 지역별 비율 평균 : 62.2%"
   ]
  },
  {
   "cell_type": "markdown",
   "metadata": {},
   "source": [
    "### 건축물대장 층별개요\n",
    "- 건축물대장 표제부에서 추려낸 주택에 대해서만 살펴본다."
   ]
  },
  {
   "cell_type": "code",
   "execution_count": 116,
   "metadata": {},
   "outputs": [],
   "source": [
    "cur.execute(\n",
    "  f'''\n",
    "  select\n",
    "    pnu,\n",
    "    building_pk,\n",
    "    address,\n",
    "    road_address,\n",
    "    floor_type_name,\n",
    "    floor_no,\n",
    "    use_code,\n",
    "    use_name,\n",
    "    area\n",
    "  from building_floor\n",
    "  where\n",
    "    pnu in ('{\"','\".join(house_dong.pnu)}') and\n",
    "    floor_type_name = '지하'\n",
    "  '''\n",
    ")\n",
    "bld_under_floor = pd.DataFrame(\n",
    "  cur.fetchall(),\n",
    "  columns=[col[0] for col in cur.description]\n",
    ")"
   ]
  },
  {
   "cell_type": "code",
   "execution_count": 117,
   "metadata": {},
   "outputs": [
    {
     "data": {
      "text/plain": [
       "337673"
      ]
     },
     "execution_count": 117,
     "metadata": {},
     "output_type": "execute_result"
    }
   ],
   "source": [
    "bld_under_floor = bld_under_floor.merge(\n",
    "  house_dong[['building_pk']],\n",
    "  how='inner',\n",
    "  on='building_pk'\n",
    ")\n",
    "len(bld_under_floor)"
   ]
  },
  {
   "cell_type": "markdown",
   "metadata": {},
   "source": [
    "- 주택 중 지하층 정보는 337,673개, 전체의 77.3%"
   ]
  },
  {
   "cell_type": "code",
   "execution_count": 118,
   "metadata": {},
   "outputs": [
    {
     "data": {
      "text/html": [
       "<div>\n",
       "<style scoped>\n",
       "    .dataframe tbody tr th:only-of-type {\n",
       "        vertical-align: middle;\n",
       "    }\n",
       "\n",
       "    .dataframe tbody tr th {\n",
       "        vertical-align: top;\n",
       "    }\n",
       "\n",
       "    .dataframe thead th {\n",
       "        text-align: right;\n",
       "    }\n",
